cetr,BTD,SIZE,ROA,LEV,PERF,FOR_PERC,FTSE_ESG_sr
1***,-0.23***,0.06*,0.07**,-0.03 ,0.05*,0.23***,0.09**
-0.23***,1***,0.38***,-0.64***,0 ,-0.53***,0 ,0.08**
0.06**,0.38***,1***,-0.05 ,-0.14***,0 ,-0.04 ,0.33***
0.07***,-0.64***,-0.05*,1***,-0.13***,0.87***,0.04 ,-0.16***
-0.03 ,0 ,-0.14***,-0.13***,1***,-0.13***,-0.01 ,-0.08*
0.05**,-0.53***,0 ,0.87***,-0.13***,1***,0.03 ,-0.16***
0.23***,0 ,-0.04 ,0.04*,-0.01 ,0.03 ,1***,-0.08**
0.09***,0.08***,0.33***,-0.16***,-0.08***,-0.16***,-0.08***,1***
